17892439114989711
17896935451909673
17880002456144417
17867165753484026
17995545013325354
17891708954002792
18211681351010782
18147210805095369
17886333431039840
17897159911843074
17879537942231746
17843157413563431
17867225114338435
17988428851326313
17991630745334039
18143852995134643
17918903434554209
18177329110076302
17908738750642774
17910546910618378
17884641914031402
18070160185262620
17861565443394154
17871396326288528
17972878597360056
17887294243899982
17868602312243064
17907930889544426
17882933449854892
17865961259131099
18016150774292249
17932432201432867
17865501770145151
17871758222038074
17872639070023211
17863846925172908
17846202506456657
17900421217610141
17857950035301796
17868929981079841
17907971794537603
17876243836924318
17865356249151352
17847891290421425
18119285314159649
17866513889088022
17860280624240209
17874087853971016
17937980824413042
17883994675810559
17861752865176238
18167809816009638
17868566027097478
17869587200048552
17861139308210880
18123223450178245
17873861816003400
17904445501560519
17931161446436033
18057737707252000
18113403931197412
18125521174087985
17855414426277404
17877832360921315
17877396739937350
18122192458183959
17937069610417060
18115306759161833
17873652268996487
17927056342447464
17854156064303762
17865140315138157
17865128942141430
17875428439956094
18084766024213065
17864718890103834
17857011386244792
17867343089067861
18057246580251521
17885339986766007
17861905592184962
17855992904289755
17933681797421847
17890442218725630
18086426062202663
17877069676868989
17889922540713746
17916224077479591
18071631256241037
17863136999098734
17859485642178268
17928630580428995
17862762251115304
17854640756257586
17856045890239164
17883241939775445
17866271858076130
18162594433033175
18026921446286307
17889317587716247
17894108434622060
17862332852102026
17903314519531137
17863617485095268
17894671195611099
17863924901092158
17854043270216761
17879386126822613
18070133122229060
17967288877326709
18160960537015000
18168843397003531
18149090119077049
18028681069302418
17903382610540241
17859847703110184
17850560831302067
17974126444319497
17937735403398775
17914625467465832
18134013373105213
17853643235242081
18071213062225020
17854684052245289
17866835525043819
17859936482152310
17979307261308158
17873055304937563
17887380286694442
17978867746309036
17873150821934252
17937847741399401
17873316892903263
17885573557733070
17874417121893810
17911380550492567
17891095111645016
18040905931300333
17942323042389708
17844442175342519
18029750197284792
18108740098163624
17853121202269993
17885077396735808
17857579913161334
18119197648087725
17844450755368451
17937627265396759
17856388154178535
17879275984811333
17856390803180894
17866980917049228
17853672467236934
17844443456352625
17853036308244282
17887208011683533
17844441362360901
17907961978508353
17912989936468048
17870094070986672
17881940281788791
17853266891273546
17863597682098950
17865194240034792
18165649390030853
17900109613559343
17881351777756394
17852674610292387
17850600089299868
18127580200123578
18115939297152335
17959246798354555
17938580533390083
17877038314878427
17861177483097314
17875880698895915
17871410743930611
18010028596293573
17866423529016995
17959819612348438
17849959475307377
17869334155965683
17879236522814631
18119677933131094
17888117764715557
17935720522406346
17872080916945116
17893436074618440
17863353713065449
17873359888904995
18135948427109254
17854463633246428
17853635777249293
17852501774289696
17915455219468248
18116618278183191
17856922394192670
17870494597979496
17891282662644914
18072246610228501
17882847349766654
18123168154188727
17894843731609729
17863367348094794
17872863316941412
18066083752245481
17855520323229111
17855095715240112
18109608706160999
17887571401681270
17881233937765250
17918280898462433
17951613268361127
18119728702094478
17887608250675865
17873194069923292
17865086435041024
17899258771565556
18084333895205826
17916400276460003
18083846806207097
18101828539169069
17918362090450177
17889192664666937
17860068398151636
17919880195456673
17866897400030175
17863145156095267
17848275773322211
17877307915862104
17937613807394423
17852891177281545
18070484647234532
17872270849940813
17899112305571900
17866300610055958
18118944232089483
17900639080542430
17915543029472198
17886534202730603
18079330240214462
17977634896314341
17937213400401044
18160036501047796
17881974865775719
17851045304284389
18161013868060433
17907570742498882
18077655937223752
17909263114487780
18104566477197568
17875712185852433
17878949737803628
17888656798676027
18149857780076744
18159111697025046
17894874928609744
17872576381937726
17853309293235340
17907812233509466
17888181328686002
17877374827854108
17897736655583598
18163210072033876
17907624523511494
17937057868392247
17908070917502389
17865159629063292
17873839366894269
18072705214225083
17880989284763041
17879888998782438
17842311098403412
17866152458056009
17876499964878921
17866121306055662
17851838999265107
17866854395025047
17866494581052498
17963168740341938
17849069432323737
18160032397024819
17878286776826813
17883587167732243
17861641241118179
18161839258049394
17902555309546836
17907611017497811
17893012699627334
17870013199944837
17880040537770870
17873121586903249
17973805630319833
18114775939159857
17842089578400794
18162985621049986
17902781947530188
17872783240924724
17843986961379824
18170494015042813
17952376672366798
17880916075748078
18115960477150867
17870058766942926
17952095755366855
18161424106024947
17887908058669797
18010398226290403
18160532218002897
17888186914670530
18118395988094582
17932460296413322
17872873246920924
17845241711348169
17913520006476836
17856076262181357
17862828344094891
17857004969191549
17845049966358665
17855630891187616
17879038342796526
18069684973233037
17880842335793575
18159348232024967
18162692806041464
17883786184741075
17973581359319473
17941607362383992
17882077831774301
17882576248756424
17849702741320415
18050904574255809
17858503853133969
17866350389043762
17878727116828961
18076698505223548
17880832504757174
17970872692322641
18121582753137884
17886638014697939
17870784625959756
17865239516033757
17916763534464019
17852619908285376
17845254233345369
17900284762530804
17907990910507817
17865359549066554
18070823101230231
17858197898174946
17879155918794596
17953053895354607
17854676726240213
18068281090242448
17872753087906192
17930043529422006
17877989815822493
17863369955077863
17887481776712261
17885619325733082
18070666261229602
17894110699613854
17843196563376455
17898987769573005
18133100002112150
17872795696907850
18121936279188203
17867524058013903
17866759436033640
17879842201770760
17882753896745110
18009789139292247
18119421994130817
18123379924138692
17865030392029318
17966488507332446
17966713705328490
17961471457342862
17942034766377099
17951965612366384
18162081703000543
18164853304002040
17870572252960592
18132814813104570
17869437679982413
17855167082213179
18079781440210047
18160587856062307
17843513897347673
17842745096378168
17851462859252557
17949194872371887
17876738707865889
17869815958970290
17881976173755314
17892220201623931
17881101721768594
17874816508860911
17858033606128907
18161673304021928
17977398175310886
18118801909087050
17880180463755542
17892406576622000
17906480899516456
18025831627286999
17901392221559458
17911407922490034
17907826900491069
17860729151116344
18118036498088693
17906531188509601
17860589132117209
18044056603264221
18050532676254866
17928324304426810
17926955488428087
18133630156102844
17860418564114942
17887580527673116
17857541279133705
17912485582480214
17865730394031450
17966058970328571
17969335855325930
17882003887744899
17849205008293692
17868943747976665
17879952259757003
17859439094125726
18043300207264755
17940231073382995
17849741399284947
17932679620409600
17885569624694177
17879521459750659
17895770362565489
17913596554468642
17871387739912284
17869472389912585
17863647938062237
18131051356114452
17965085902328022
17928511396421812
17858165780150507
18114247135145242
17868195406985562
17866132511019605
17861260682095393
17889131359643769
17885053231686685
18159057994060596
17887022854681015
17856745454177139
17850818921278623
17874946309869904
18042782125269556
17874969058876984
17876640631817211
18161832571000113
17867098366999562
17869415029928332
18118786816095317
17935532002395038
18049204567254393
17842920731351589
18117359749094612
17960693296330385
17895434977586788
17861022392094795
17877449071800025
17914322524460625
17876959087820641
17858411255136257
17971768699319399
18063481906245443
17877317635800084
18030255118301715
17892515995614242
17864924792027198
17847296741311816
17849831687263215
18145305922073545
18121862956187457
17870595478933945
17869560088945110
17852902532233741
17961180574339350
17873811469886079
17878215850769166
17927469670426363
17860353137103236
17878339762754870
17873134411847094
17938673386387783
17885181565690453
17851068386226726
17869012420946081
18032908021279883
17914416235460815
17867532025977336
18157869070048529
18119859088191905
17864638514022530
17893090882605657
18046338505258393
17852174837214298
17847275438315353
17867443501966281
17912003251472467
17877362125816526
17892347428598015
17934204817393695
17891143732610241
17857020656145312
18006923587288543
17856941570137366
17930525521408730
18159613300021034
17873987311851031
18119384905187889
17872310041881292
18031862482279631
18067530097229350
17881674517734036
18159759460027299
17879073829751091
17867053891964320
17928245137412842
17848783055273589
17865601465961999
17877154939808711
17933705119399958
17846385740315324
17851126325216899
17899193929538618
17881710088709663
17859074624095410
18155509636010193
17866439905966262
17847066368280402
18131531455096981
17861828891056120
17865502867987848
18115669297193598
17873068504856016
17904936898500853
18155608003029972
17868341968899728
17881707199691471
18022860235280286
17847295532281585
17885133037652589
17859521672061818
17861482592005915
17861195534002618
17895964219554524
18113723311081135
17960821318334248
17896639732532231
17950718203354688
17894450542537431
18070313086220293
17876211793748269
18115737568138848
17844585404270359
17850410072183335
17861244623001942
18109767304178358
17878642792730582
17843914625273702
18151770280044904
17869502296857568
17850624758140877
17879998378691142
17860672105977446
17958486487327322
18059869486239736
17896823062522451
17905757236467316
17845817414201876
17893897720551716
17863728202929438
17844831875233132
18060053623233201
17858189726022323
17871234787798412
18066697405219115
17851101326108278
17857639310022058
17862931891900049
17889013087561358
17865507316885667
17949385336350381
17880529405634238
17882727337617556
17861033401902499
17930469301381425
17895172192505052
17863042621887200
17861585791914179
17868235165792333
18145036411009935
18031630957267619
17867508157830835
17891016817535125
18101931568151375
18144988993046586
17859400042916611
17846806961125015
18147358987031375
17852138921075764
18056670334224817
17894171971505334
17894512027518646
17870026804752038
18063341869219646
17843617817189038
18137405716068505
17959756579319808
18018690205301269
17862402805847523
17880643399611579
17920087699408179
18143167378027762
17904836620460365
18021174457278510
18100026379177334
17858324446929766
17884165834573444
18028344163266421
17938231663363563
17934469873369677
17878191511617056
18104974669184597
18117064981100819
17857333513924255
18141565843019244
17869049029727399
17857101625921480
18052029334232746
17861179507853631
18101294671191341
17862254212818718
17894518198495547
18051860092237202
17849547236047098
18115049605102008
17867935768735529
18131524024067593
17911075792417882
17851273582983508
18137265817041394
17855248324924893
17863877617753047
18113926354100889
17897303704476539
17880869992576231
17850540145997190
17928745621375047
17883455992552472
18062487454206070
17896303837475271
17917838638401778
17883705568537608
17848325912012039
18137153248044098
17887621192516539
17882997766551848
17874730165610370
17874698578610538
18006869380280100
17849978455975821
17867869732681798
18132815053028458
17872565689617146
17867858470673053
17842232510074857
17851746835902450
17853018568891449
17948998870324335
17944666270327074
18055264399209940
17845609382015008
17860763971748364
18094515322193173
17853733036866104
17874502168598299
17866907065667987
17844863444019185
17933286049357861
18096287533141306
17949648238319491
17865772744671993
18043401715237789
17913843442401945
18024637891259205
18003224644283113
17939157208330132
17855259661832186
18101963647122695
17848876747910445
18043469629234012
18094087447087060
17856468928778373
17842912046010327
17934567001348116
17873031919585789
17846905129913632
18129953839053231
18128784904024149
17856849649774030
17844222679970689
17857374856765715
18127403896033999
18077029420171983
17867371132620494
17937077416341323
17855918320770439
17905079248417795
18040302796240013
17910583102397598
18126339874008987
17996735296285907
18086060248152172
18035589274245726
17949599659310776
18128847892021072
17853010294816215
17994448798285169
17909326783401815
17845210762930049
18128361394037842
18086196457178599
17887047235475756
17923299787367411
17858410606700742
17852513053806619
17848896343856061
17937703564329149
17868388423589028
17872610101527158
17878559305513310
17846544898888856
18124725865041895
18123854572062122
17877976450520277
18103422739110661
18083475703153829
17858654419682638
17899954294412620
18100214413098513
18003388687273735
18088062286186794
17868894925564575
17846991286849441
18019000039254281
17873617861520550
17858634730667012
18069892138199931
18119963620031784
17865667336587860
17866246297583301
18046439590209340
18077006332167012
17925058459354818
18120873172049057
17880280075485593
17933736469331823
18035401615233824
17857781086659359
18119281939053365
18119713675021061
18120475642055811
17857316821660318
17846030428816404
18034972867227720
17844081025848880
17898540379414149
17907701320381431
17872884847507457
17847010792787129
17850333583732192
17845130428822665
17857113499638944
18032754910242148
18079941061179221
17941843939315155
17897428936415191
17884078228456792
17881875358467188
18095642821103568
18076058311155030
18106254286076600
18032383207239201
18012701443259182
18031296991228558
17854466248661382
17934580747324341
17844180136815597
17915908066364769
17889514885437538
17869609939524079
18030537394240713
17905039315376172
17862411913564770
17929586752333259
17936251231319105
17871190618497305
17868310474525497
17899550902393155
18091514728100585
18079830442086752
17844785086765700
18089152840113745
17852270149631092
17851081726655631
17918567947350232
18079440754136339
18008096383261759
17843092582757028
18035678986216356
18078862720137925
18088396615119812
18075888349135753
17916318496356933
18111273742060879
17846628769724514
18067471456163548
18082318852126113
18036115348219560
17850027304637785
17888384221426810
17867821432499221
18073335247135225
17849974414646102
17846140351695768
17855574760593472
17855409655588788
17845601653696837
17899142515380714
18019907776245841
17894437813401529
17920404052339850
18075089497184203
18084684772108820
18072755302189084
